13
1457509979_alvaro_pepito
alvaro
pepito
1457509979 1457509979
0
0 12 0
0 0 0 0 0 0 0
0 0 0 0 0 0 0
0 0 0 0 0 0 0
0 0 0 0 0 0 0
0 0 0 0 0 0 0
0 0 0 0 0 0 0
1457509834_pepito_marta
pepito
marta
1457509834 1457509834
0
0 10 11
12 12 10 10 10 12 0
0 12 0 10 12 0 0
0 12 0 10 0 0 0
0 0 0 0 0 0 0
0 0 0 0 0 0 0
0 0 0 0 0 0 0
1458122999_marta_alvaro
marta
alvaro
1457602979 1458122999
1
0 10 1
12 0 0 0 0 0 0
0 0 0 0 0 0 0
0 0 0 0 0 0 0
0 0 0 0 0 0 0
0 0 0 0 0 0 0
0 0 0 0 0 0 0
1458124613_luis_alvaro
luis
alvaro
1458124613 1458153153
0
0 12 2
10 0 0 12 0 0 0
0 0 0 0 0 0 0
0 0 0 0 0 0 0
0 0 0 0 0 0 0
0 0 0 0 0 0 0
0 0 0 0 0 0 0
1458125113_marta_susana
marta
susana
1458125113 1458125113
0
0 10 1
0 0 12 0 0 0 0
0 0 0 0 0 0 0
0 0 0 0 0 0 0
0 0 0 0 0 0 0
0 0 0 0 0 0 0
0 0 0 0 0 0 0
1462713788_laura_pepito
laura
pepito
1462713788 1462717838
1
0 12 0
0 0 0 0 0 0 0
0 0 0 0 0 0 0
0 0 0 0 0 0 0
0 0 0 0 0 0 0
0 0 0 0 0 0 0
0 0 0 0 0 0 0
1462713798_marta_laura
marta
laura
1462713798 1462713798
0
0 12 0
0 0 0 0 0 0 0
0 0 0 0 0 0 0
0 0 0 0 0 0 0
0 0 0 0 0 0 0
0 0 0 0 0 0 0
0 0 0 0 0 0 0
1462713812_laura_marta
laura
marta
1462713812 1462713812
0
0 12 0
0 0 0 0 0 0 0
0 0 0 0 0 0 0
0 0 0 0 0 0 0
0 0 0 0 0 0 0
0 0 0 0 0 0 0
0 0 0 0 0 0 0
1462713827_laura_alvaro
laura
alvaro
1462713827 1462713827
0
0 12 0
0 0 0 0 0 0 0
0 0 0 0 0 0 0
0 0 0 0 0 0 0
0 0 0 0 0 0 0
0 0 0 0 0 0 0
0 0 0 0 0 0 0
1462713841_pepito_laura
pepito
laura
1462713841 1462713841
0
0 12 0
0 0 0 0 0 0 0
0 0 0 0 0 0 0
0 0 0 0 0 0 0
0 0 0 0 0 0 0
0 0 0 0 0 0 0
0 0 0 0 0 0 0
1462716943_laura_marta
laura
marta
1462716943 1462716943
0
0 12 0
0 0 0 0 0 0 0
0 0 0 0 0 0 0
0 0 0 0 0 0 0
0 0 0 0 0 0 0
0 0 0 0 0 0 0
0 0 0 0 0 0 0
1462717886_alvaro_laura
alvaro
laura
1462717886 1462717954
1
0 12 0
0 0 0 0 0 0 0
0 0 0 0 0 0 0
0 0 0 0 0 0 0
0 0 0 0 0 0 0
0 0 0 0 0 0 0
0 0 0 0 0 0 0
1462717902_laura_alvaro
laura
alvaro
1462717902 1462717902
0
0 12 0
0 0 0 0 0 0 0
0 0 0 0 0 0 0
0 0 0 0 0 0 0
0 0 0 0 0 0 0
0 0 0 0 0 0 0
0 0 0 0 0 0 0
